65
0
79

66
80
146

67
147
214

68
215
281

69
282
349

70
350
417

71
418
484

72
485
552

73
553
571

74
572
640

75
641
711

76
712
782

77
783
907

78
908
978

79
979
1048

80
1049
1116

81
1117
1184

82
1185
1255

83
1256
1326

84
1327
1394

85
1395
1463

86
1464
1546

87
1547
1666

88
1667
1742

89
1743
1816

90
1817
1881

48
1882
1949

49
1950
1979

50
1980
2048

51
2049
2117

52
2118
2186

53
2187
2254

54
2255
2323

55
2324
2392

56
2393
2461

57
2462
2533

44
2534
2560

46
2561
2586

59
2587
2612

58
2613
2637

42
2638
2675

63
2673
2733

33
2734
2757

60
2758
2815

62
2816
2873

45
2874
2911

95
2912
2967

32
2968
3019